1395503382,0,0,
1395503389,0,0,
1395503392,0,0,
1395503397,0,0,
1395503402,0,0,
1395503407,0,0,
1395503412,0,0,
1395503417,0,0,
1395503423,0,0,
1395503427,0,0,
1395503432,0,0,
1395503437,0,0,
1395503442,0,0,
1395503447,0,0,
1395503452,0,0,
1395503457,0,0,
1395503462,0,0,
1395503467,0,0,
1395503472,0,0,
1395503477,0,0,
1395503482,0,0,
1395503488,0,0,
1395503492,0,0,
1395503497,0,0,
1395503502,0,0,
1395503507,0,0,
1395503512,0,0,
1395503517,0,0,
1395503522,0,0,
1395503527,0,0,
1395503532,0,0,
1395503537,0,0,
1395503542,0,0,
1395503547,0,0,
1395503552,0,0,
1395503557,0,0,
1395503563,0,0,
1395503567,0,0,
1395503572,0,0,
1395503577,0,0,
1395503582,0,0,
1395503587,0,0,
1395503592,0,0,
1395503597,0,0,
1395503603,0,0,
1395503607,0,0,
1395503612,0,0,
1395503617,0,0,
1395503622,0,0,
1395503627,0,0,
1395503632,0,0,
1395503637,0,0,
1395503642,0,0,
1395503647,0,0,
1395503652,0,0,
1395503657,0,0,
1395503662,0,0,
1395503667,0,0,
1395503672,0,0,
1395503677,0,0,
1395503682,0,0,
1395503687,0,0,
1395503692,0,0,
1395503697,0,0,
1395503702,0,0,
1395503707,0,0,
1395503712,0,0,
1395503717,0,0,
1395503722,0,0,
1395503727,0,0,
1395503732,0,0,
1395503737,0,0,
1395503747,0,0,
1395503747,0,0,
1395503752,0,0,
1395503757,-33000,-783784,
1395503762,-33000,-783784,
1395503767,-33000,-783784,
1395503772,-33000,-783784,
1395503777,-33000,-783784,
1395503782,-33000,-783784,
1395503787,-167000,-892049,
1395503929,-167000,-892049,
1395503929,-167000,-892049,
1395503930,-167000,-892049,
1395503930,-167000,-892049,
1395503930,-167000,-892049,
1395503930,-167000,-892049,
1395503930,-167000,-892049,
1395503930,-167000,-892049,
1395503930,-167000,-892049,
1395503930,-167000,-892049,
1395503930,-167000,-892049,
1395503930,-167000,-892049,
1395503931,-167000,-892049,
1395503931,-167000,-892049,
1395503931,-167000,-892049,
1395503931,-167000,-892049,
1395503931,-167000,-892049,
1395503931,-167000,-892049,
1395503931,-167000,-892049,
1395503931,-167000,-892049,
1395503931,-167000,-892049,
1395503931,-167000,-892049,
1395503931,-167000,-892049,
1395503931,-167000,-892049,
1395503931,-167000,-892049,
1395503932,-167000,-892049,
1395503932,-167000,-892049,
1395503932,-167000,-892049,
1395503932,-167000,-892049,
1395503937,-167000,-892049,
1395503942,-167000,-892049,
1395503947,-167000,-892049,
1395503952,-169000,-133447,
1395503957,-169000,-133447,
1395503962,-169000,-133447,
1395503967,-169000,-133447,
1395503972,-169000,-133447,
1395503977,-169000,-133447,
1395503982,-169000,-133447,
1395503987,-170000,-55664,
1395503992,-170000,-55664,
1395503997,-170000,-55664,
1395504002,-170000,-55664,
1395504007,-170000,-55664,
1395504012,-170000,-55664,
1395504017,-170000,-55664,
1395504022,-172000,-50124,
1395504027,-172000,-50124,
1395504032,-172000,-50124,
1395504037,-172000,-50124,
1395504042,-172000,-50124,
1395504047,-172000,-50124,
1395504052,-172000,-50124,
1395504057,-174000,-48251,
1395504062,-174000,-48251,
1395504067,-174000,-48251,
1395504072,-174000,-48251,
1395504077,-174000,-48251,
1395504082,-174000,-48251,
1395504087,-174000,-48251,
1395504092,-104000,1651625,
1395504097,-104000,1651625,
1395504102,-104000,1651625,
1395504107,-104000,1651625,
1395504113,-104000,1651625,
1395504117,-104000,1651625,
1395504122,-104000,1651625,
1395504127,-34000,1831295,
1395504132,-34000,1831295,
1395504138,-34000,1831295,
1395504142,-34000,1831295,
1395504147,-34000,1831295,
1395504152,-34000,1831295,
1395504157,-34000,1831295,
1395504162,35000,1844871,
1395504167,35000,1844871,
1395504172,35000,1844871,
1395504177,35000,1844871,
1395504182,35000,1844871,
1395504187,35000,1844871,
1395504192,35000,1844871,
1395504197,106000,1854125,
1395504202,106000,1854125,
1395504207,106000,1854125,
1395504212,106000,1854125,
1395504217,106000,1854125,
1395504222,106000,1854125,
1395504227,176000,1841256,
1395504232,176000,1841256,
1395504237,176000,1841256,
1395504242,176000,1841256,
1395504247,176000,1841256,
1395504252,176000,1841256,
1395504258,176000,1841256,
1395504262,174000,150375,
1395504267,174000,150375,
1395504272,174000,150375,
1395504277,174000,150375,
1395504282,174000,150375,
1395504288,174000,150375,
1395504292,174000,150375,
1395504297,173000,-9638,
1395504302,173000,-9638,
1395504307,173000,-9638,
1395504312,173000,-9638,
1395504317,173000,-9638,
1395504322,173000,-9638,
1395504327,173000,-9638,
1395504332,172000,-20812,
1395504337,172000,-20812,
1395504342,172000,-20812,
1395504347,172000,-20812,
1395504352,172000,-20812,
1395504357,172000,-20812,
1395504362,172000,-20812,
1395504367,172000,-20446,
1395504372,172000,-20446,
1395504377,172000,-20446,
1395504382,172000,-20446,
1395504387,172000,-20446,
1395504392,172000,-20446,
1395504397,171000,-16499,
1395504402,171000,-16499,
1395504407,171000,-16499,
1395504412,171000,-16499,
1395504417,171000,-16499,
1395504422,171000,-16499,
1395504427,171000,-16499,
1395504432,171000,-7817,
1395504437,171000,-7817,
1395504442,171000,-7817,
1395504453,171000,-7817,
1395504453,171000,-7817,
1395504457,171000,-7817,
1395504462,171000,-7817,
1395504467,171000,-7817,
1395504472,171000,-7817,
1395504477,171000,4062,
1395504482,171000,4062,
1395504487,171000,4062,
1395504492,171000,4062,
1395504499,171000,4062,
1395504502,171000,4062,
1395504507,172000,15002,
1395504512,172000,15002,
1395504518,172000,15002,
1395504522,172000,15002,
1395504527,172000,15002,
1395504532,172000,15002,
1395504537,172000,15002,
1395504543,172000,16955,
1395504547,172000,16955,
1395504552,172000,16955,
1395504557,172000,16955,
1395504562,172000,16955,
1395504568,172000,16955,
1395504572,172000,16955,
1395504577,174000,40819,
1395504582,174000,40819,
1395504587,174000,40819,
1395504592,174000,40819,
1395504597,174000,40819,
1395504602,174000,40819,
1395504607,175000,34134,
1395504613,175000,34134,
1395504617,175000,34134,
1395504622,175000,34134,
1395504627,175000,34134,
1395504632,175000,34134,
1395504637,177000,37770,
1395504642,177000,37770,
1395504647,177000,37770,
1395504652,177000,37770,
1395504657,177000,37770,
1395504662,177000,37770,
1395504667,107000,-1657177,
1395504673,107000,-1657177,
1395504677,107000,-1657177,
1395504682,107000,-1657177,
1395504687,107000,-1657177,
1395504692,107000,-1657177,
1395504697,107000,-1657177,
1395504703,37000,-1822176,
1395504707,37000,-1822176,
1395504712,37000,-1822176,
1395504717,37000,-1822176,
1395504722,37000,-1822176,
1395504727,37000,-1822176,
1395504732,37000,-1822176,
1395504737,-33000,-1849328,
1395504742,-33000,-1849328,
1395504747,-33000,-1849328,
1395504752,-33000,-1849328,
1395504757,-33000,-1849328,
1395504763,-33000,-1849328,
1395504767,-33000,-1849328,
1395504772,-102000,-1832372,
1395504777,-102000,-1832372,
1395504782,-102000,-1832372,
1395504787,-102000,-1832372,
1395504792,-102000,-1832372,
1395504798,-102000,-1832372,
1395504802,-172000,-1838803,
1395504807,-172000,-1838803,
1395504812,-172000,-1838803,
1395504817,-172000,-1838803,
1395504822,-172000,-1838803,
1395504828,-172000,-1838803,
1395504832,-172000,-1838803,
1395504837,-171000,-144236,
1395504842,-171000,-144236,
1395504847,-171000,-144236,
1395504852,-171000,-144236,
1395504857,-171000,-144236,
1395504863,-171000,-144236,
1395504867,-169000,23511,
1395504872,-169000,23511,
1395504877,-169000,23511,
1395504882,-169000,23511,
1395504887,-169000,23511,
1395504892,-169000,23511,
1395504898,-167000,40374,
1395504902,-167000,40374,
1395504907,-167000,40374,
1395504912,-167000,40374,
1395504917,-167000,40374,
1395504922,-167000,40374,
1395504927,-167000,40374,
1395504933,-166000,28339,
1395504937,-166000,28339,
1395504942,-166000,28339,
1395504947,-166000,28339,
1395504952,-166000,28339,
1395504957,-166000,28339,
1395504962,-166000,21984,
1395504967,-166000,21984,
1395504972,-166000,21984,
1395504977,-166000,21984,
1395504982,-166000,21984,
1395504987,-166000,21984,
1395504992,-166000,21984,
1395505004,-165000,5844,
1395505004,-165000,5844,
1395505007,-165000,5844,
1395505012,-165000,5844,
1395505017,-165000,5844,
1395505022,-165000,5844,
1395505027,-165000,5844,
1395505032,-165000,5844,
1395505037,-165000,1708,
1395505042,-165000,1708,
1395505047,-165000,1708,
1395505052,-165000,1708,
1395505057,-165000,1708,
1395505062,-165000,1708,
1395505067,-165000,5944,
1395505072,-165000,5944,
1395505077,-165000,5944,
1395505082,-165000,5944,
1395505087,-165000,5944,
1395505092,-165000,5944,
1395505097,-165000,5944,
1395505102,-166000,-19025,
1395505107,-166000,-19025,
1395505112,-166000,-19025,
1395505117,-166000,-19025,
1395505122,-166000,-19025,
1395505127,-166000,-19025,
1395505132,-167000,-27501,
1395505137,-167000,-27501,
1395505142,-167000,-27501,
1395505147,-167000,-27501,
1395505152,-167000,-27501,
1395505157,-167000,-27501,
1395505163,-168000,-26541,
1395505167,-168000,-26541,
1395505172,-168000,-26541,
1395505177,-168000,-26541,
1395505182,-168000,-26541,
1395505187,-168000,-26541,
1395505192,-168000,-26541,
1395505197,-169000,-31784,
1395505202,-169000,-31784,
1395505207,-169000,-31784,
1395505212,-169000,-31784,
1395505217,-169000,-31784,
1395505222,-169000,-31784,
1395505227,-169000,-31784,
1395505232,-172000,-60914,
1395505238,-172000,-60914,
1395505242,-172000,-60914,
1395505247,-172000,-60914,
1395505252,-172000,-60914,
1395505257,-172000,-60914,
1395505262,-173000,-44206,
1395505269,-173000,-44206,
1395505272,-173000,-44206,
1395505277,-173000,-44206,
1395505282,-173000,-44206,
1395505287,-173000,-44206,
1395505293,-173000,-44206,
1395505297,-175000,-42907,
1395505302,-175000,-42907,
1395505307,-175000,-42907,
1395505312,-175000,-42907,
1395505317,-175000,-42907,
1395505323,-175000,-42907,
1395505327,-105000,1656924,
1395505332,-105000,1656924,
1395505337,-105000,1656924,
1395505342,-105000,1656924,
1395505347,-105000,1656924,
1395505352,-105000,1656924,
1395505358,-35000,1826104,
1395505362,-35000,1826104,
1395505367,-35000,1826104,
1395505372,-35000,1826104,
1395505377,-35000,1826104,
1395505382,-35000,1826104,
1395505387,-35000,1826104,
1395505393,35000,1849179,
1395505397,35000,1849179,
1395505402,35000,1849179,
1395505407,35000,1849179,
1395505412,35000,1849179,
1395505417,35000,1849179,
1395505422,104000,1828249,
1395505427,104000,1828249,
1395505432,104000,1828249,
1395505437,104000,1828249,
1395505442,104000,1828249,
1395505447,104000,1828249,
1395505452,104000,1828249,
1395505457,174000,1839306,
1395505462,174000,1839306,
1395505468,174000,1839306,
1395505472,174000,1839306,
1395505477,174000,1839306,
1395505482,174000,1839306,
1395505487,172000,143955,
1395505492,172000,143955,
1395505497,172000,143955,
1395505502,172000,143955,
1395505507,172000,143955,
1395505512,172000,143955,
1395505517,172000,143955,
1395505522,171000,-25436,
1395505527,171000,-25436,
1395505532,171000,-25436,
1395505537,171000,-25436,
1395505542,171000,-25436,
1395505547,171000,-25436,
1395505552,170000,-28071,
1395505557,170000,-28071,
1395505562,170000,-28071,
1395505567,170000,-28071,
1395505572,170000,-28071,
1395505577,170000,-28071,
1395505583,170000,-28071,
1395505595,169000,-4213,
1395505595,169000,-4213,
1395505597,169000,-4213,
1395505602,169000,-4213,
1395505607,169000,-4213,
1395505612,169000,-4213,
1395505617,169000,-4213,
1395505622,169000,-4213,
1395505627,169000,-421,
1395505632,169000,-421,
1395505637,169000,-421,
1395505642,169000,-421,
1395505647,169000,-421,
1395505652,169000,-421,
1395505657,170000,5577,
1395505662,170000,5577,
1395505667,170000,5577,
1395505672,170000,5577,
1395505677,170000,5577,
1395505682,170000,5577,
1395505687,170000,5577,
1395505692,170000,15267,
1395505697,170000,15267,
1395505702,170000,15267,
1395505708,170000,15267,
1395505712,170000,15267,
1395505717,170000,15267,
1395505722,171000,21732,
1395505727,171000,21732,
1395505732,171000,21732,
1395505737,171000,21732,
1395505742,171000,21732,
1395505747,171000,21732,
1395505752,171000,21732,
1395505757,172000,27239,
1395505762,172000,27239,
1395505767,172000,27239,
1395505772,172000,27239,
1395505777,172000,27239,
1395505782,172000,27239,
1395505787,174000,36880,
1395505792,174000,36880,
1395505797,174000,36880,
1395505802,174000,36880,
1395505807,174000,36880,
1395505812,174000,36880,
1395505817,174000,36880,
1395505822,175000,33200,
1395505827,175000,33200,
1395505832,175000,33200,
1395505837,175000,33200,
1395505842,175000,33200,
1395505848,175000,33200,
1395505852,175000,33200,
1395505857,105000,-1662022,
1395505862,105000,-1662022,
1395505867,105000,-1662022,
1395505873,105000,-1662022,
1395505877,105000,-1662022,
1395505884,105000,-1662022,
1395505887,105000,-1662022,
1395505892,35000,-1827185,
1395505897,35000,-1827185,
1395505903,35000,-1827185,
1395505907,35000,-1827185,
1395505912,35000,-1827185,
1395505917,35000,-1827185,
1395505922,-34000,-1839630,
1395505928,-34000,-1839630,
1395505932,-34000,-1839630,
1395505937,-34000,-1839630,
1395505942,-34000,-1839630,
1395505947,-34000,-1839630,
1395505952,-34000,-1839630,
1395505958,-105000,-1844374,
1395505962,-105000,-1844374,
1395505967,-105000,-1844374,
1395505972,-105000,-1844374,
1395505978,-105000,-1844374,
1395505982,-105000,-1844374,
1395505987,-174000,-1835990,
1395505992,-174000,-1835990,
1395505997,-174000,-1835990,
1395506002,-174000,-1835990,
1395506007,-174000,-1835990,
1395506012,-174000,-1835990,
1395506017,-174000,-1835990,
1395506022,-172000,-139720,
1395506027,-172000,-139720,
1395506033,-172000,-139720,
1395506037,-172000,-139720,
1395506042,-172000,-139720,
1395506047,-172000,-139720,
1395506052,-172000,-139720,
1395506057,-171000,29540,
1395506062,-171000,29540,
1395506067,-171000,29540,
1395506072,-171000,29540,
1395506077,-171000,29540,
1395506082,-171000,29540,
1395506087,-169000,41067,
1395506092,-169000,41067,
1395506097,-169000,41067,
1395506102,-169000,41067,
1395506107,-169000,41067,
1395506112,-169000,41067,
1395506117,-169000,41067,
1395506122,-167000,40149,
1395506128,-167000,40149,
1395506132,-167000,40149,
1395506137,-167000,40149,
1395506142,-167000,40149,
1395506147,-167000,40149,
1395506152,-167000,40149,
1395506158,-166000,27641,
1395506162,-166000,27641,
1395506167,-166000,27641,
1395506172,-166000,27641,
1395506177,-166000,27641,
1395506182,-166000,27641,
1395506187,-166000,27641,
1395506192,-166000,16944,
1395506197,-166000,16944,
1395506202,-166000,16944,
1395506207,-166000,16944,
1395506212,-166000,16944,
1395506217,-166000,16944,
1395506222,-165000,22964,
1395506227,-165000,22964,
1395506232,-165000,22964,
1395506237,-165000,22964,
1395506242,-165000,22964,
1395506248,-165000,22964,
1395506252,-165000,22964,
1395506257,-165000,2571,
1395506262,-165000,2571,
1395506267,-165000,2571,
1395506272,-165000,2571,
1395506277,-165000,2571,
1395506283,-165000,2571,
1395506287,-165000,2571,
1395506292,-165000,-5490,
1395506297,-165000,-5490,
1395506302,-165000,-5490,
1395506307,-165000,-5490,
1395506312,-165000,-5490,
1395506317,-165000,-5490,
1395506323,-166000,-19383,
1395506327,-166000,-19383,
1395506332,-166000,-19383,
1395506337,-166000,-19383,
1395506342,-166000,-19383,
1395506347,-166000,-19383,
1395506353,-166000,-19383,
1395506357,-166000,-19383,
1395506363,-167000,-16972,
1395506367,-167000,-16972,
1395506372,-167000,-16972,
1395506377,-167000,-16972,
1395506382,-167000,-16972,
1395506387,-167000,-16972,
1395506392,-167000,-16972,
1395506398,-168000,-38020,
1395506402,-168000,-38020,
1395506407,-168000,-38020,
1395506412,-168000,-38020,
1395506417,-168000,-38020,
1395506422,-168000,-38020,
